[(1/2, 0, 19/2, 0), (0, 1/38, 116/19, 1/2), (0, 0, 19, 0), (0, 0, 0, 1)]
[(1/2, 0, 1/2, 0), (0, 1/22, 0, 215/22), (0, 0, 1, 0), (0, 0, 0, 11)]
[(1/2, 0, 9/2, 0), (0, 1/18, 61/9, 1/2), (0, 0, 9, 0), (0, 0, 0, 1)]
[(1/2, 0, 1/2, 10), (0, 1/32, 7/8, 269/32), (0, 0, 1, 4), (0, 0, 0, 16)]
[(1/2, 0, 1/2, 0), (0, 1/8, 0, 11/8), (0, 0, 1, 0), (0, 0, 0, 4)]
[(1/2, 0, 1/2, 0), (0, 1/4, 0, 3/4), (0, 0, 1, 0), (0, 0, 0, 2)]
[(1/2, 0, 3/2, 4), (0, 1/30, 7/15, 47/10), (0, 0, 3, 3), (0, 0, 0, 5)]
[(1/2, 0, 11/2, 0), (0, 1/22, 47/11, 1/2), (0, 0, 11, 0), (0, 0, 0, 1)]
[(1/2, 0, 1/2, 6), (0, 1/24, 1/2, 13/24), (0, 0, 1, 0), (0, 0, 0, 12)]
[(1/2, 0, 1/2, 0), (0, 1/6, 0, 5/6), (0, 0, 1, 0), (0, 0, 0, 3)]
[(1/2, 0, 1/2, 0), (0, 1/18, 0, 41/18), (0, 0, 1, 0), (0, 0, 0, 9)]
[(1/2, 0, 1/2, 0), (0, 1/24, 0, 203/24), (0, 0, 1, 0), (0, 0, 0, 12)]
[(1/2, 0, 1/2, 0), (0, 1/26, 0, 167/26), (0, 0, 1, 0), (0, 0, 0, 13)]
[(1/2, 0, 1/2, 0), (0, 1/14, 0, 23/14), (0, 0, 1, 0), (0, 0, 0, 7)]
[(1/2, 0, 7/2, 0), (0, 1/14, 36/7, 1/2), (0, 0, 7, 0), (0, 0, 0, 1)]
[(1/2, 0, 3/2, 0), (0, 1/6, 7/3, 1/2), (0, 0, 3, 0), (0, 0, 0, 1)]
[(1/2, 0, 1/2, 8), (0, 1/32, 1/2, 107/32), (0, 0, 1, 0), (0, 0, 0, 16)]
[(1/2, 0, 1/2, 0), (0, 1/28, 0, 219/28), (0, 0, 1, 0), (0, 0, 0, 14)]
[(1/2, 0, 1/2, 6), (0, 1/24, 1/2, 211/24), (0, 0, 1, 0), (0, 0, 0, 12)]
[(1/2, 0, 1/2, 2), (0, 1/8, 1/2, 19/8), (0, 0, 1, 0), (0, 0, 0, 4)]
[(1/2, 0, 1/2, 4), (0, 1/16, 1/2, 11/16), (0, 0, 1, 0), (0, 0, 0, 8)]
[(1/2, 0, 1/2, 0), (0, 1/16, 0, 107/16), (0, 0, 1, 0), (0, 0, 0, 8)]
[(1/2, 0, 1/2, 0), (0, 1/12, 0, 5/12), (0, 0, 1, 0), (0, 0, 0, 6)]
[(1/2, 0, 13/2, 0), (0, 1/26, 168/13, 1/2), (0, 0, 13, 0), (0, 0, 0, 1)]
[(1/2, 0, 1/2, 0), (0, 1/12, 0, 59/12), (0, 0, 1, 0), (0, 0, 0, 6)]
[(1/2, 0, 1/2, 0), (0, 1/28, 0, 317/28), (0, 0, 1, 0), (0, 0, 0, 14)]
[(1/2, 0, 1/2, 14), (0, 1/34, 4/17, 483/34), (0, 0, 1, 11), (0, 0, 0, 17)]
[(1/2, 0, 1/2, 0), (0, 1/24, 0, 149/24), (0, 0, 1, 0), (0, 0, 0, 12)]
[(1/2, 0, 1/2, 0), (0, 1/2, 0, 1/2), (0, 0, 1, 0), (0, 0, 0, 1)]
[(1/2, 0, 1/2, 3), (0, 1/10, 3/5, 29/10), (0, 0, 1, 1), (0, 0, 0, 5)]
[(1/2, 0, 1/2, 6), (0, 1/16, 1/4, 13/16), (0, 0, 1, 4), (0, 0, 0, 8)]
[(1/2, 0, 3/2, 1), (0, 1/30, 2/15, 23/10), (0, 0, 3, 2), (0, 0, 0, 5)]
[(1/2, 0, 1/2, 4), (0, 1/14, 2/7, 87/14), (0, 0, 1, 1), (0, 0, 0, 7)]
[(1/2, 0, 3/2, 0), (0, 1/24, 5/3, 25/8), (0, 0, 3, 0), (0, 0, 0, 4)]
[(1/2, 0, 3/2, 2), (0, 1/24, 17/6, 17/8), (0, 0, 3, 0), (0, 0, 0, 4)]
[(1/2, 0, 1/2, 1), (0, 1/34, 14/17, 37/34), (0, 0, 1, 2), (0, 0, 0, 17)]
[(1/2, 0, 1/2, 5), (0, 1/26, 7/13, 191/26), (0, 0, 1, 10), (0, 0, 0, 13)]
[(1/2, 0, 1/2, 8), (0, 1/22, 2/11, 41/22), (0, 0, 1, 5), (0, 0, 0, 11)]
[(1/2, 0, 3/2, 0), (0, 1/24, 4/3, 25/8), (0, 0, 3, 0), (0, 0, 0, 4)]
[(1/2, 0, 7/2, 0), (0, 1/28, 18/7, 3/4), (0, 0, 7, 0), (0, 0, 0, 2)]
[(1/2, 0, 7/2, 0), (0, 1/28, 18/7, 5/4), (0, 0, 7, 0), (0, 0, 0, 2)]
[(1/2, 0, 1/2, 2), (0, 1/16, 3/4, 77/16), (0, 0, 1, 4), (0, 0, 0, 8)]
[(1/2, 0, 1/2, 4), (0, 1/28, 6/7, 333/28), (0, 0, 1, 8), (0, 0, 0, 14)]
[(1/2, 0, 1/2, 1), (0, 1/22, 4/11, 51/22), (0, 0, 1, 2), (0, 0, 0, 11)]
[(1/2, 0, 1/2, 2), (0, 1/32, 5/8, 307/32), (0, 0, 1, 4), (0, 0, 0, 16)]
[(1/2, 0, 1/2, 10), (0, 1/28, 1/7, 11/28), (0, 0, 1, 6), (0, 0, 0, 14)]
[(1/2, 0, 1/2, 10), (0, 1/22, 7/11, 7/22), (0, 0, 1, 9), (0, 0, 0, 11)]
[(1/2, 0, 3/2, 0), (0, 1/12, 8/3, 7/4), (0, 0, 3, 0), (0, 0, 0, 2)]
[(1/2, 0, 1/2, 2), (0, 1/10, 2/5, 19/10), (0, 0, 1, 4), (0, 0, 0, 5)]
[(1/2, 0, 1/2, 3), (0, 1/30, 4/5, 301/30), (0, 0, 1, 6), (0, 0, 0, 15)]
[(1/2, 0, 1/2, 3), (0, 1/14, 5/7, 73/14), (0, 0, 1, 6), (0, 0, 0, 7)]
[(1/2, 0, 1/2, 12), (0, 1/30, 1/5, 121/30), (0, 0, 1, 9), (0, 0, 0, 15)]
[(1/2, 0, 1/2, 8), (0, 1/26, 6/13, 269/26), (0, 0, 1, 3), (0, 0, 0, 13)]
[(1/2, 0, 1/2, 8), (0, 1/20, 4/5, 139/20), (0, 0, 1, 6), (0, 0, 0, 10)]
[(1/2, 0, 1/2, 8), (0, 1/20, 4/5, 189/20), (0, 0, 1, 6), (0, 0, 0, 10)]
[(1/2, 0, 3/2, 2), (0, 1/24, 17/6, 15/8), (0, 0, 3, 0), (0, 0, 0, 4)]
[(1/2, 0, 1/2, 3), (0, 1/30, 4/5, 401/30), (0, 0, 1, 6), (0, 0, 0, 15)]
[(1/2, 0, 1/2, 2), (0, 1/20, 4/5, 11/20), (0, 0, 1, 4), (0, 0, 0, 10)]
[(1/2, 0, 1/2, 16), (0, 1/34, 3/17, 547/34), (0, 0, 1, 15), (0, 0, 0, 17)]
[(1/2, 0, 1/2, 11), (0, 1/26, 11/13, 155/26), (0, 0, 1, 9), (0, 0, 0, 13)]
[(1/2, 0, 3/2, 4), (0, 1/30, 43/15, 3/10), (0, 0, 3, 3), (0, 0, 0, 5)]
[(1/2, 0, 1/2, 3), (0, 1/18, 1/3, 5/18), (0, 0, 1, 6), (0, 0, 0, 9)]
[(1/2, 0, 1/2, 2), (0, 1/20, 1/5, 19/20), (0, 0, 1, 4), (0, 0, 0, 10)]
[(1/2, 0, 3/2, 1), (0, 1/18, 11/9, 13/6), (0, 0, 3, 2), (0, 0, 0, 3)]
[(1/2, 0, 3/2, 0), (0, 1/12, 8/3, 1/4), (0, 0, 3, 0), (0, 0, 0, 2)]
[(1/2, 0, 1/2, 3), (0, 1/22, 2/11, 201/22), (0, 0, 1, 6), (0, 0, 0, 11)]
[(1/2, 0, 3/2, 2), (0, 1/18, 16/9, 1/6), (0, 0, 3, 1), (0, 0, 0, 3)]
[(1/2, 0, 1/2, 6), (0, 1/18, 1/3, 157/18), (0, 0, 1, 3), (0, 0, 0, 9)]
[(1/2, 0, 3/2, 4), (0, 1/36, 19/9, 7/12), (0, 0, 3, 2), (0, 0, 0, 6)]
[(1/2, 0, 1/2, 14), (0, 1/32, 5/8, 205/32), (0, 0, 1, 12), (0, 0, 0, 16)]
[(1/2, 0, 1/2, 4), (0, 1/28, 1/7, 381/28), (0, 0, 1, 8), (0, 0, 0, 14)]
[(1/2, 0, 1/2, 2), (0, 1/26, 2/13, 259/26), (0, 0, 1, 4), (0, 0, 0, 13)]
[(1/2, 0, 3/2, 2), (0, 1/36, 8/9, 55/12), (0, 0, 3, 4), (0, 0, 0, 6)]
[(1/2, 0, 1/2, 12), (0, 1/30, 1/5, 221/30), (0, 0, 1, 9), (0, 0, 0, 15)]
[(1/2, 0, 1/2, 10), (0, 1/28, 6/7, 59/28), (0, 0, 1, 6), (0, 0, 0, 14)]