[(1/2, 0, 1/2, 4), (0, 1/16, 1/2, 13/16), (0, 0, 1, 0), (0, 0, 0, 8)]
[(1/2, 0, 1/2, 0), (0, 1/6, 0, 5/6), (0, 0, 1, 0), (0, 0, 0, 3)]
[(1/2, 0, 7/2, 0), (0, 1/14, 31/7, 1/2), (0, 0, 7, 0), (0, 0, 0, 1)]
[(1/2, 0, 3/2, 0), (0, 1/6, 7/3, 1/2), (0, 0, 3, 0), (0, 0, 0, 1)]
[(1/2, 0, 1/2, 0), (0, 1/2, 0, 1/2), (0, 0, 1, 0), (0, 0, 0, 1)]
[(1/2, 0, 1/2, 0), (0, 1/8, 0, 19/8), (0, 0, 1, 0), (0, 0, 0, 4)]
[(1/2, 0, 1/2, 0), (0, 1/4, 0, 3/4), (0, 0, 1, 0), (0, 0, 0, 2)]
[(1/2, 0, 1/2, 0), (0, 1/12, 0, 5/12), (0, 0, 1, 0), (0, 0, 0, 6)]
[(1/2, 0, 1/2, 2), (0, 1/8, 1/2, 5/8), (0, 0, 1, 0), (0, 0, 0, 4)]
[(1/2, 0, 1/2, 3), (0, 1/14, 1/7, 79/14), (0, 0, 1, 6), (0, 0, 0, 7)]
[(1/2, 0, 1/2, 0), (0, 1/12, 0, 59/12), (0, 0, 1, 0), (0, 0, 0, 6)]
[(1/2, 0, 3/2, 0), (0, 1/12, 1/3, 1/4), (0, 0, 3, 0), (0, 0, 0, 2)]
[(1/2, 0, 1/2, 2), (0, 1/10, 3/5, 31/10), (0, 0, 1, 4), (0, 0, 0, 5)]
[(1/2, 0, 1/2, 3), (0, 1/10, 2/5, 41/10), (0, 0, 1, 1), (0, 0, 0, 5)]
[(1/2, 0, 3/2, 0), (0, 1/12, 8/3, 1/4), (0, 0, 3, 0), (0, 0, 0, 2)]