[(1/2, 0, 7/2, 0), (0, 1/14, 6/7, 1/2), (0, 0, 7, 0), (0, 0, 0, 1)]
[(1/2, 0, 3/2, 0), (0, 1/6, 7/3, 1/2), (0, 0, 3, 0), (0, 0, 0, 1)]
[(1/2, 0, 1/2, 0), (0, 1/2, 0, 1/2), (0, 0, 1, 0), (0, 0, 0, 1)]
[(1/2, 0, 1/2, 0), (0, 1/10, 0, 23/10), (0, 0, 1, 0), (0, 0, 0, 5)]
[(1/2, 0, 1/2, 3), (0, 1/12, 1/2, 23/12), (0, 0, 1, 0), (0, 0, 0, 6)]
[(1/2, 0, 1/2, 0), (0, 1/6, 0, 5/6), (0, 0, 1, 0), (0, 0, 0, 3)]
[(1/2, 0, 1/2, 3), (0, 1/12, 1/2, 41/12), (0, 0, 1, 0), (0, 0, 0, 6)]
[(1/2, 0, 1/2, 1), (0, 1/4, 1/2, 7/4), (0, 0, 1, 0), (0, 0, 0, 2)]
[(1/2, 0, 3/2, 1), (0, 1/12, 7/6, 3/4), (0, 0, 3, 0), (0, 0, 0, 2)]
[(1/2, 0, 5/2, 0), (0, 1/10, 1/5, 1/2), (0, 0, 5, 0), (0, 0, 0, 1)]
[(1/2, 0, 1/2, 3), (0, 1/8, 3/4, 7/8), (0, 0, 1, 2), (0, 0, 0, 4)]
[(1/2, 0, 1/2, 1), (0, 1/8, 1/4, 23/8), (0, 0, 1, 2), (0, 0, 0, 4)]