[(1/2, 0, 11/2, 0), (0, 1/22, 91/11, 1/2), (0, 0, 11, 0), (0, 0, 0, 1)]
[(1/2, 0, 1/2, 2), (0, 1/8, 1/2, 5/8), (0, 0, 1, 0), (0, 0, 0, 4)]
[(1/2, 0, 1/2, 0), (0, 1/10, 0, 31/10), (0, 0, 1, 0), (0, 0, 0, 5)]
[(1/2, 0, 1/2, 0), (0, 1/18, 0, 143/18), (0, 0, 1, 0), (0, 0, 0, 9)]
[(1/2, 0, 1/2, 0), (0, 1/16, 0, 115/16), (0, 0, 1, 0), (0, 0, 0, 8)]
[(1/2, 0, 1/2, 1), (0, 1/22, 4/11, 161/22), (0, 0, 1, 2), (0, 0, 0, 11)]
[(1/2, 0, 1/2, 0), (0, 1/20, 0, 69/20), (0, 0, 1, 0), (0, 0, 0, 10)]
[(1/2, 0, 5/2, 0), (0, 1/10, 3/5, 1/2), (0, 0, 5, 0), (0, 0, 0, 1)]
[(1/2, 0, 5/2, 0), (0, 1/20, 14/5, 7/4), (0, 0, 5, 0), (0, 0, 0, 2)]
[(1/2, 0, 1/2, 0), (0, 1/8, 0, 19/8), (0, 0, 1, 0), (0, 0, 0, 4)]
[(1/2, 0, 1/2, 0), (0, 1/12, 0, 53/12), (0, 0, 1, 0), (0, 0, 0, 6)]
[(1/2, 0, 1/2, 4), (0, 1/16, 1/2, 109/16), (0, 0, 1, 0), (0, 0, 0, 8)]
[(1/2, 0, 1/2, 6), (0, 1/24, 1/2, 37/24), (0, 0, 1, 0), (0, 0, 0, 12)]
[(1/2, 0, 3/2, 0), (0, 1/6, 4/3, 1/2), (0, 0, 3, 0), (0, 0, 0, 1)]
[(1/2, 0, 1/2, 0), (0, 1/2, 0, 1/2), (0, 0, 1, 0), (0, 0, 0, 1)]
[(1/2, 0, 1/2, 0), (0, 1/4, 0, 3/4), (0, 0, 1, 0), (0, 0, 0, 2)]
[(1/2, 0, 1/2, 0), (0, 1/6, 0, 17/6), (0, 0, 1, 0), (0, 0, 0, 3)]
[(1/2, 0, 9/2, 0), (0, 1/18, 50/9, 1/2), (0, 0, 9, 0), (0, 0, 0, 1)]
[(1/2, 0, 1/2, 0), (0, 1/12, 0, 35/12), (0, 0, 1, 0), (0, 0, 0, 6)]
[(1/2, 0, 1/2, 6), (0, 1/18, 2/3, 53/18), (0, 0, 1, 3), (0, 0, 0, 9)]
[(1/2, 0, 1/2, 1), (0, 1/14, 3/7, 53/14), (0, 0, 1, 2), (0, 0, 0, 7)]
[(1/2, 0, 3/2, 1), (0, 1/18, 14/9, 13/6), (0, 0, 3, 2), (0, 0, 0, 3)]
[(1/2, 0, 1/2, 2), (0, 1/14, 5/7, 1/14), (0, 0, 1, 4), (0, 0, 0, 7)]
[(1/2, 0, 3/2, 0), (0, 1/12, 7/3, 1/4), (0, 0, 3, 0), (0, 0, 0, 2)]
[(1/2, 0, 1/2, 3), (0, 1/18, 2/3, 109/18), (0, 0, 1, 6), (0, 0, 0, 9)]
[(1/2, 0, 3/2, 2), (0, 1/18, 13/9, 1/6), (0, 0, 3, 1), (0, 0, 0, 3)]
[(1/2, 0, 1/2, 5), (0, 1/14, 5/7, 97/14), (0, 0, 1, 3), (0, 0, 0, 7)]
[(1/2, 0, 1/2, 2), (0, 1/16, 1/4, 59/16), (0, 0, 1, 4), (0, 0, 0, 8)]
[(1/2, 0, 1/2, 6), (0, 1/16, 3/4, 123/16), (0, 0, 1, 4), (0, 0, 0, 8)]
[(1/2, 0, 1/2, 6), (0, 1/14, 4/7, 25/14), (0, 0, 1, 5), (0, 0, 0, 7)]
[(1/2, 0, 3/2, 0), (0, 1/12, 2/3, 1/4), (0, 0, 3, 0), (0, 0, 0, 2)]