[(1/2, 0, 7/2, 0), (0, 1/14, 47/7, 1/2), (0, 0, 7, 0), (0, 0, 0, 1)]
[(1/2, 0, 1/2, 0), (0, 1/10, 0, 49/10), (0, 0, 1, 0), (0, 0, 0, 5)]
[(1/2, 0, 1/2, 0), (0, 1/8, 0, 3/8), (0, 0, 1, 0), (0, 0, 0, 4)]
[(1/2, 0, 5/2, 0), (0, 1/10, 13/5, 1/2), (0, 0, 5, 0), (0, 0, 0, 1)]
[(1/2, 0, 1/2, 4), (0, 1/16, 1/2, 93/16), (0, 0, 1, 0), (0, 0, 0, 8)]
[(1/2, 0, 1/2, 0), (0, 1/14, 0, 45/14), (0, 0, 1, 0), (0, 0, 0, 7)]
[(1/2, 0, 1/2, 0), (0, 1/2, 0, 1/2), (0, 0, 1, 0), (0, 0, 0, 1)]
[(1/2, 0, 1/2, 0), (0, 1/4, 0, 3/4), (0, 0, 1, 0), (0, 0, 0, 2)]
[(1/2, 0, 1/2, 2), (0, 1/8, 1/2, 21/8), (0, 0, 1, 0), (0, 0, 0, 4)]
[(1/2, 0, 1/2, 2), (0, 1/12, 1/3, 35/12), (0, 0, 1, 4), (0, 0, 0, 6)]
[(1/2, 0, 1/2, 2), (0, 1/6, 1/3, 7/6), (0, 0, 1, 1), (0, 0, 0, 3)]
[(1/2, 0, 1/2, 3), (0, 1/14, 3/7, 83/14), (0, 0, 1, 6), (0, 0, 0, 7)]
[(1/2, 0, 1/2, 2), (0, 1/12, 2/3, 67/12), (0, 0, 1, 4), (0, 0, 0, 6)]
[(1/2, 0, 1/2, 4), (0, 1/12, 2/3, 5/12), (0, 0, 1, 2), (0, 0, 0, 6)]
[(1/2, 0, 1/2, 4), (0, 1/14, 4/7, 97/14), (0, 0, 1, 1), (0, 0, 0, 7)]
[(1/2, 0, 1/2, 1), (0, 1/6, 1/3, 11/6), (0, 0, 1, 2), (0, 0, 0, 3)]
[(1/2, 0, 1/2, 4), (0, 1/12, 1/3, 37/12), (0, 0, 1, 2), (0, 0, 0, 6)]