[(1/2, 0, 1/2, 0), (0, 1/20, 0, 29/20), (0, 0, 1, 0), (0, 0, 0, 10)]
[(1/2, 0, 1/2, 0), (0, 1/20, 0, 179/20), (0, 0, 1, 0), (0, 0, 0, 10)]
[(1/2, 0, 1/2, 0), (0, 1/14, 0, 93/14), (0, 0, 1, 0), (0, 0, 0, 7)]
[(1/2, 0, 1/2, 4), (0, 1/16, 1/2, 107/16), (0, 0, 1, 0), (0, 0, 0, 8)]
[(1/2, 0, 7/2, 0), (0, 1/14, 22/7, 1/2), (0, 0, 7, 0), (0, 0, 0, 1)]
[(1/2, 0, 1/2, 0), (0, 1/10, 0, 29/10), (0, 0, 1, 0), (0, 0, 0, 5)]
[(1/2, 0, 1/2, 0), (0, 1/16, 0, 75/16), (0, 0, 1, 0), (0, 0, 0, 8)]
[(1/2, 0, 1/2, 10), (0, 1/24, 5/6, 269/24), (0, 0, 1, 8), (0, 0, 0, 12)]
[(1/2, 0, 5/2, 0), (0, 1/10, 2/5, 1/2), (0, 0, 5, 0), (0, 0, 0, 1)]
[(1/2, 0, 1/2, 10), (0, 1/22, 8/11, 129/22), (0, 0, 1, 9), (0, 0, 0, 11)]
[(1/2, 0, 1/2, 0), (0, 1/8, 0, 11/8), (0, 0, 1, 0), (0, 0, 0, 4)]
[(1/2, 0, 1/2, 2), (0, 1/8, 1/2, 13/8), (0, 0, 1, 0), (0, 0, 0, 4)]
[(1/2, 0, 1/2, 0), (0, 1/4, 0, 3/4), (0, 0, 1, 0), (0, 0, 0, 2)]
[(1/2, 0, 1/2, 0), (0, 1/2, 0, 1/2), (0, 0, 1, 0), (0, 0, 0, 1)]
[(1/2, 0, 11/2, 0), (0, 1/22, 71/11, 1/2), (0, 0, 11, 0), (0, 0, 0, 1)]
[(1/2, 0, 1/2, 3), (0, 1/22, 7/11, 27/22), (0, 0, 1, 6), (0, 0, 0, 11)]
[(1/2, 0, 1/2, 1), (0, 1/6, 1/3, 17/6), (0, 0, 1, 2), (0, 0, 0, 3)]
[(1/2, 0, 5/2, 0), (0, 1/20, 1/5, 1/4), (0, 0, 5, 0), (0, 0, 0, 2)]
[(1/2, 0, 1/2, 5), (0, 1/18, 7/9, 85/18), (0, 0, 1, 1), (0, 0, 0, 9)]
[(1/2, 0, 5/2, 0), (0, 1/20, 1/5, 7/4), (0, 0, 5, 0), (0, 0, 0, 2)]
[(1/2, 0, 1/2, 4), (0, 1/12, 1/3, 13/12), (0, 0, 1, 2), (0, 0, 0, 6)]
[(1/2, 0, 1/2, 4), (0, 1/24, 1/3, 245/24), (0, 0, 1, 8), (0, 0, 0, 12)]
[(1/2, 0, 1/2, 8), (0, 1/18, 8/9, 143/18), (0, 0, 1, 7), (0, 0, 0, 9)]
[(1/2, 0, 1/2, 4), (0, 1/18, 7/9, 77/18), (0, 0, 1, 8), (0, 0, 0, 9)]
[(1/2, 0, 1/2, 7), (0, 1/18, 5/9, 133/18), (0, 0, 1, 5), (0, 0, 0, 9)]
[(1/2, 0, 1/2, 2), (0, 1/18, 4/9, 43/18), (0, 0, 1, 4), (0, 0, 0, 9)]
[(1/2, 0, 1/2, 1), (0, 1/18, 8/9, 19/18), (0, 0, 1, 2), (0, 0, 0, 9)]
[(1/2, 0, 1/2, 8), (0, 1/24, 2/3, 53/24), (0, 0, 1, 4), (0, 0, 0, 12)]
[(1/2, 0, 1/2, 2), (0, 1/12, 2/3, 61/12), (0, 0, 1, 4), (0, 0, 0, 6)]
[(1/2, 0, 1/2, 6), (0, 1/16, 1/4, 45/16), (0, 0, 1, 4), (0, 0, 0, 8)]
[(1/2, 0, 1/2, 4), (0, 1/14, 5/7, 11/14), (0, 0, 1, 1), (0, 0, 0, 7)]
[(1/2, 0, 1/2, 8), (0, 1/22, 4/11, 137/22), (0, 0, 1, 5), (0, 0, 0, 11)]
[(1/2, 0, 1/2, 4), (0, 1/12, 1/3, 67/12), (0, 0, 1, 2), (0, 0, 0, 6)]
[(1/2, 0, 1/2, 2), (0, 1/16, 3/4, 109/16), (0, 0, 1, 4), (0, 0, 0, 8)]
[(1/2, 0, 1/2, 2), (0, 1/12, 1/3, 5/12), (0, 0, 1, 4), (0, 0, 0, 6)]
[(1/2, 0, 1/2, 2), (0, 1/6, 1/3, 1/6), (0, 0, 1, 1), (0, 0, 0, 3)]
[(1/2, 0, 1/2, 3), (0, 1/14, 5/7, 87/14), (0, 0, 1, 6), (0, 0, 0, 7)]