[(1/2, 0, 1/2, 10), (0, 1/40, 1/2, 523/40), (0, 0, 1, 0), (0, 0, 0, 20)]
[(1/2, 0, 13/2, 0), (0, 1/26, 63/13, 1/2), (0, 0, 13, 0), (0, 0, 0, 1)]
[(1/2, 0, 1/2, 6), (0, 1/24, 1/2, 149/24), (0, 0, 1, 0), (0, 0, 0, 12)]
[(1/2, 0, 1/2, 2), (0, 1/8, 1/2, 11/8), (0, 0, 1, 0), (0, 0, 0, 4)]
[(1/2, 0, 15/2, 0), (0, 1/30, 101/15, 1/2), (0, 0, 15, 0), (0, 0, 0, 1)]
[(1/2, 0, 3/2, 4), (0, 1/36, 10/9, 1/12), (0, 0, 3, 2), (0, 0, 0, 6)]
[(1/2, 0, 1/2, 0), (0, 1/22, 0, 13/22), (0, 0, 1, 0), (0, 0, 0, 11)]
[(1/2, 0, 15/2, 0), (0, 1/30, 151/15, 1/2), (0, 0, 15, 0), (0, 0, 0, 1)]
[(1/2, 0, 1/2, 1), (0, 1/34, 2/17, 355/34), (0, 0, 1, 2), (0, 0, 0, 17)]
[(1/2, 0, 1/2, 0), (0, 1/12, 0, 5/12), (0, 0, 1, 0), (0, 0, 0, 6)]
[(1/2, 0, 1/2, 8), (0, 1/32, 1/2, 285/32), (0, 0, 1, 0), (0, 0, 0, 16)]
[(1/2, 0, 1/2, 0), (0, 1/18, 0, 31/18), (0, 0, 1, 0), (0, 0, 0, 9)]
[(1/2, 0, 1/2, 0), (0, 1/30, 0, 77/30), (0, 0, 1, 0), (0, 0, 0, 15)]
[(1/2, 0, 1/2, 6), (0, 1/36, 2/3, 445/36), (0, 0, 1, 12), (0, 0, 0, 18)]
[(1/2, 0, 1/2, 0), (0, 1/20, 0, 77/20), (0, 0, 1, 0), (0, 0, 0, 10)]
[(1/2, 0, 11/2, 0), (0, 1/22, 67/11, 1/2), (0, 0, 11, 0), (0, 0, 0, 1)]
[(1/2, 0, 1/2, 0), (0, 1/10, 0, 27/10), (0, 0, 1, 0), (0, 0, 0, 5)]
[(1/2, 0, 9/2, 0), (0, 1/18, 56/9, 1/2), (0, 0, 9, 0), (0, 0, 0, 1)]
[(1/2, 0, 1/2, 0), (0, 1/12, 0, 59/12), (0, 0, 1, 0), (0, 0, 0, 6)]
[(1/2, 0, 3/2, 0), (0, 1/6, 7/3, 1/2), (0, 0, 3, 0), (0, 0, 0, 1)]
[(1/2, 0, 1/2, 0), (0, 1/2, 0, 1/2), (0, 0, 1, 0), (0, 0, 0, 1)]
[(1/2, 0, 1/2, 0), (0, 1/6, 0, 5/6), (0, 0, 1, 0), (0, 0, 0, 3)]
[(1/2, 0, 1/2, 0), (0, 1/30, 0, 427/30), (0, 0, 1, 0), (0, 0, 0, 15)]
[(1/2, 0, 5/2, 0), (0, 1/10, 1/5, 1/2), (0, 0, 5, 0), (0, 0, 0, 1)]
[(1/2, 0, 1/2, 0), (0, 1/24, 0, 221/24), (0, 0, 1, 0), (0, 0, 0, 12)]
[(1/2, 0, 1/2, 0), (0, 1/26, 0, 295/26), (0, 0, 1, 0), (0, 0, 0, 13)]
[(1/2, 0, 1/2, 0), (0, 1/24, 0, 131/24), (0, 0, 1, 0), (0, 0, 0, 12)]
[(1/2, 0, 1/2, 0), (0, 1/16, 0, 99/16), (0, 0, 1, 0), (0, 0, 0, 8)]
[(1/2, 0, 1/2, 0), (0, 1/20, 0, 173/20), (0, 0, 1, 0), (0, 0, 0, 10)]
[(1/2, 0, 1/2, 0), (0, 1/32, 0, 99/32), (0, 0, 1, 0), (0, 0, 0, 16)]
[(1/2, 0, 1/2, 0), (0, 1/4, 0, 3/4), (0, 0, 1, 0), (0, 0, 0, 2)]
[(1/2, 0, 1/2, 4), (0, 1/16, 1/2, 125/16), (0, 0, 1, 0), (0, 0, 0, 8)]
[(1/2, 0, 1/2, 0), (0, 1/8, 0, 3/8), (0, 0, 1, 0), (0, 0, 0, 4)]
[(1/2, 0, 1/2, 14), (0, 1/34, 3/17, 1/34), (0, 0, 1, 11), (0, 0, 0, 17)]
[(1/2, 0, 1/2, 6), (0, 1/24, 1/2, 203/24), (0, 0, 1, 0), (0, 0, 0, 12)]
[(1/2, 0, 1/2, 8), (0, 1/28, 2/7, 3/28), (0, 0, 1, 2), (0, 0, 0, 14)]
[(1/2, 0, 1/2, 10), (0, 1/22, 6/11, 237/22), (0, 0, 1, 9), (0, 0, 0, 11)]
[(1/2, 0, 9/2, 0), (0, 1/36, 28/9, 3/4), (0, 0, 9, 0), (0, 0, 0, 2)]
[(1/2, 0, 1/2, 6), (0, 1/32, 7/8, 43/32), (0, 0, 1, 12), (0, 0, 0, 16)]
[(1/2, 0, 5/2, 0), (0, 1/30, 17/5, 17/6), (0, 0, 5, 0), (0, 0, 0, 3)]
[(1/2, 0, 3/2, 4), (0, 1/36, 10/9, 55/12), (0, 0, 3, 2), (0, 0, 0, 6)]
[(1/2, 0, 1/2, 8), (0, 1/26, 12/13, 265/26), (0, 0, 1, 3), (0, 0, 0, 13)]
[(1/2, 0, 1/2, 12), (0, 1/32, 1/4, 253/32), (0, 0, 1, 8), (0, 0, 0, 16)]
[(1/2, 0, 1/2, 1), (0, 1/22, 6/11, 5/22), (0, 0, 1, 2), (0, 0, 0, 11)]
[(1/2, 0, 1/2, 10), (0, 1/32, 7/8, 469/32), (0, 0, 1, 4), (0, 0, 0, 16)]
[(1/2, 0, 1/2, 1), (0, 1/14, 4/7, 3/14), (0, 0, 1, 2), (0, 0, 0, 7)]
[(1/2, 0, 3/2, 1), (0, 1/18, 20/9, 1/6), (0, 0, 3, 2), (0, 0, 0, 3)]
[(1/2, 0, 1/2, 4), (0, 1/32, 3/4, 509/32), (0, 0, 1, 8), (0, 0, 0, 16)]
[(1/2, 0, 1/2, 12), (0, 1/28, 6/7, 349/28), (0, 0, 1, 10), (0, 0, 0, 14)]
[(1/2, 0, 1/2, 7), (0, 1/34, 8/17, 521/34), (0, 0, 1, 14), (0, 0, 0, 17)]
[(1/2, 0, 1/2, 2), (0, 1/28, 6/7, 43/28), (0, 0, 1, 4), (0, 0, 0, 14)]
[(1/2, 0, 1/2, 5), (0, 1/14, 5/7, 13/14), (0, 0, 1, 3), (0, 0, 0, 7)]
[(1/2, 0, 3/2, 0), (0, 1/12, 8/3, 1/4), (0, 0, 3, 0), (0, 0, 0, 2)]
[(1/2, 0, 1/2, 6), (0, 1/16, 3/4, 107/16), (0, 0, 1, 4), (0, 0, 0, 8)]
[(1/2, 0, 3/2, 2), (0, 1/24, 1/6, 25/8), (0, 0, 3, 0), (0, 0, 0, 4)]
[(1/2, 0, 1/2, 8), (0, 1/22, 3/11, 67/22), (0, 0, 1, 5), (0, 0, 0, 11)]
[(1/2, 0, 3/2, 2), (0, 1/36, 17/9, 31/12), (0, 0, 3, 4), (0, 0, 0, 6)]
[(1/2, 0, 3/2, 0), (0, 1/12, 1/3, 1/4), (0, 0, 3, 0), (0, 0, 0, 2)]
[(1/2, 0, 5/2, 0), (0, 1/20, 13/5, 7/4), (0, 0, 5, 0), (0, 0, 0, 2)]
[(1/2, 0, 1/2, 11), (0, 1/26, 9/13, 167/26), (0, 0, 1, 9), (0, 0, 0, 13)]
[(1/2, 0, 5/2, 0), (0, 1/30, 8/5, 17/6), (0, 0, 5, 0), (0, 0, 0, 3)]
[(1/2, 0, 5/2, 0), (0, 1/20, 13/5, 1/4), (0, 0, 5, 0), (0, 0, 0, 2)]
[(1/2, 0, 1/2, 2), (0, 1/26, 9/13, 171/26), (0, 0, 1, 4), (0, 0, 0, 13)]
[(1/2, 0, 3/2, 0), (0, 1/24, 5/3, 1/8), (0, 0, 3, 0), (0, 0, 0, 4)]
[(1/2, 0, 3/2, 0), (0, 1/30, 4/3, 41/10), (0, 0, 3, 0), (0, 0, 0, 5)]
[(1/2, 0, 1/2, 6), (0, 1/18, 1/3, 67/18), (0, 0, 1, 3), (0, 0, 0, 9)]
[(1/2, 0, 1/2, 10), (0, 1/34, 9/17, 45/34), (0, 0, 1, 3), (0, 0, 0, 17)]
[(1/2, 0, 1/2, 2), (0, 1/32, 5/8, 107/32), (0, 0, 1, 4), (0, 0, 0, 16)]
[(1/2, 0, 1/2, 2), (0, 1/28, 6/7, 141/28), (0, 0, 1, 4), (0, 0, 0, 14)]
[(1/2, 0, 3/2, 0), (0, 1/24, 4/3, 1/8), (0, 0, 3, 0), (0, 0, 0, 4)]
[(1/2, 0, 1/2, 8), (0, 1/28, 2/7, 101/28), (0, 0, 1, 2), (0, 0, 0, 14)]
[(1/2, 0, 1/2, 3), (0, 1/22, 8/11, 199/22), (0, 0, 1, 6), (0, 0, 0, 11)]
[(1/2, 0, 1/2, 5), (0, 1/26, 1/13, 187/26), (0, 0, 1, 10), (0, 0, 0, 13)]
[(1/2, 0, 1/2, 6), (0, 1/28, 2/7, 291/28), (0, 0, 1, 12), (0, 0, 0, 14)]
[(1/2, 0, 1/2, 2), (0, 1/14, 5/7, 85/14), (0, 0, 1, 4), (0, 0, 0, 7)]
[(1/2, 0, 1/2, 4), (0, 1/34, 16/17, 13/34), (0, 0, 1, 8), (0, 0, 0, 17)]
[(1/2, 0, 1/2, 2), (0, 1/16, 1/4, 43/16), (0, 0, 1, 4), (0, 0, 0, 8)]
[(1/2, 0, 3/2, 2), (0, 1/24, 17/6, 25/8), (0, 0, 3, 0), (0, 0, 0, 4)]
[(1/2, 0, 1/2, 12), (0, 1/28, 6/7, 251/28), (0, 0, 1, 10), (0, 0, 0, 14)]
[(1/2, 0, 1/2, 3), (0, 1/18, 1/3, 95/18), (0, 0, 1, 6), (0, 0, 0, 9)]
[(1/2, 0, 3/2, 2), (0, 1/18, 7/9, 7/6), (0, 0, 3, 1), (0, 0, 0, 3)]
[(1/2, 0, 1/2, 14), (0, 1/32, 5/8, 405/32), (0, 0, 1, 12), (0, 0, 0, 16)]
[(1/2, 0, 1/2, 6), (0, 1/28, 2/7, 389/28), (0, 0, 1, 12), (0, 0, 0, 14)]
[(1/2, 0, 1/2, 13), (0, 1/34, 1/17, 319/34), (0, 0, 1, 9), (0, 0, 0, 17)]
[(1/2, 0, 3/2, 0), (0, 1/30, 4/3, 9/10), (0, 0, 3, 0), (0, 0, 0, 5)]
[(1/2, 0, 9/2, 0), (0, 1/36, 28/9, 5/4), (0, 0, 9, 0), (0, 0, 0, 2)]
[(1/2, 0, 1/2, 6), (0, 1/14, 3/7, 73/14), (0, 0, 1, 5), (0, 0, 0, 7)]