[(1/2, 0, 1/2, 4), (0, 1/12, 1/3, 55/12), (0, 0, 1, 2), (0, 0, 0, 6)]
[(1/2, 0, 1/2, 0), (0, 1/2, 0, 1/2), (0, 0, 1, 0), (0, 0, 0, 1)]
[(1/2, 0, 1/2, 0), (0, 1/4, 0, 7/4), (0, 0, 1, 0), (0, 0, 0, 2)]
[(1/2, 0, 1/2, 2), (0, 1/8, 1/2, 7/8), (0, 0, 1, 0), (0, 0, 0, 4)]
[(1/2, 0, 1/2, 0), (0, 1/8, 0, 31/8), (0, 0, 1, 0), (0, 0, 0, 4)]
[(1/2, 0, 1/2, 2), (0, 1/10, 3/5, 1/10), (0, 0, 1, 4), (0, 0, 0, 5)]
[(1/2, 0, 1/2, 1), (0, 1/6, 2/3, 1/6), (0, 0, 1, 2), (0, 0, 0, 3)]
[(1/2, 0, 1/2, 4), (0, 1/12, 1/3, 1/12), (0, 0, 1, 2), (0, 0, 0, 6)]
[(1/2, 0, 1/2, 2), (0, 1/12, 1/3, 71/12), (0, 0, 1, 4), (0, 0, 0, 6)]
[(1/2, 0, 1/2, 2), (0, 1/6, 2/3, 17/6), (0, 0, 1, 1), (0, 0, 0, 3)]
[(1/2, 0, 1/2, 3), (0, 1/10, 3/5, 49/10), (0, 0, 1, 1), (0, 0, 0, 5)]