[(1/2, 0, 11/2, 0), (0, 1/22, 115/11, 1/2), (0, 0, 11, 0), (0, 0, 0, 1)]
[(1/2, 0, 1/2, 0), (0, 1/16, 0, 99/16), (0, 0, 1, 0), (0, 0, 0, 8)]
[(1/2, 0, 1/2, 0), (0, 1/4, 0, 3/4), (0, 0, 1, 0), (0, 0, 0, 2)]
[(1/2, 0, 9/2, 0), (0, 1/18, 1/9, 1/2), (0, 0, 9, 0), (0, 0, 0, 1)]
[(1/2, 0, 1/2, 0), (0, 1/12, 0, 61/12), (0, 0, 1, 0), (0, 0, 0, 6)]
[(1/2, 0, 1/2, 4), (0, 1/16, 1/2, 125/16), (0, 0, 1, 0), (0, 0, 0, 8)]
[(1/2, 0, 1/2, 0), (0, 1/6, 0, 7/6), (0, 0, 1, 0), (0, 0, 0, 3)]
[(1/2, 0, 1/2, 0), (0, 1/12, 0, 29/12), (0, 0, 1, 0), (0, 0, 0, 6)]
[(1/2, 0, 3/2, 0), (0, 1/6, 1/3, 1/2), (0, 0, 3, 0), (0, 0, 0, 1)]
[(1/2, 0, 1/2, 2), (0, 1/8, 1/2, 21/8), (0, 0, 1, 0), (0, 0, 0, 4)]
[(1/2, 0, 1/2, 0), (0, 1/2, 0, 1/2), (0, 0, 1, 0), (0, 0, 0, 1)]
[(1/2, 0, 1/2, 0), (0, 1/8, 0, 3/8), (0, 0, 1, 0), (0, 0, 0, 4)]
[(1/2, 0, 1/2, 6), (0, 1/18, 2/3, 47/18), (0, 0, 1, 3), (0, 0, 0, 9)]
[(1/2, 0, 3/2, 0), (0, 1/12, 4/3, 1/4), (0, 0, 3, 0), (0, 0, 0, 2)]
[(1/2, 0, 1/2, 2), (0, 1/14, 3/7, 9/14), (0, 0, 1, 4), (0, 0, 0, 7)]
[(1/2, 0, 3/2, 0), (0, 1/12, 5/3, 1/4), (0, 0, 3, 0), (0, 0, 0, 2)]
[(1/2, 0, 1/2, 2), (0, 1/16, 1/4, 43/16), (0, 0, 1, 4), (0, 0, 0, 8)]
[(1/2, 0, 1/2, 6), (0, 1/14, 1/7, 57/14), (0, 0, 1, 5), (0, 0, 0, 7)]
[(1/2, 0, 1/2, 5), (0, 1/14, 3/7, 89/14), (0, 0, 1, 3), (0, 0, 0, 7)]
[(1/2, 0, 1/2, 2), (0, 1/10, 4/5, 3/10), (0, 0, 1, 4), (0, 0, 0, 5)]
[(1/2, 0, 1/2, 3), (0, 1/10, 4/5, 47/10), (0, 0, 1, 1), (0, 0, 0, 5)]
[(1/2, 0, 1/2, 6), (0, 1/16, 3/4, 107/16), (0, 0, 1, 4), (0, 0, 0, 8)]
[(1/2, 0, 1/2, 1), (0, 1/14, 1/7, 41/14), (0, 0, 1, 2), (0, 0, 0, 7)]