[(1/2, 0, 1/2, 8), (0, 1/32, 1/2, 59/32), (0, 0, 1, 0), (0, 0, 0, 16)]
[(1/2, 0, 9/2, 0), (0, 1/18, 52/9, 1/2), (0, 0, 9, 0), (0, 0, 0, 1)]
[(1/2, 0, 1/2, 0), (0, 1/16, 0, 59/16), (0, 0, 1, 0), (0, 0, 0, 8)]
[(1/2, 0, 1/2, 0), (0, 1/24, 0, 5/24), (0, 0, 1, 0), (0, 0, 0, 12)]
[(1/2, 0, 3/2, 0), (0, 1/6, 2/3, 1/2), (0, 0, 3, 0), (0, 0, 0, 1)]
[(1/2, 0, 1/2, 4), (0, 1/16, 1/2, 91/16), (0, 0, 1, 0), (0, 0, 0, 8)]
[(1/2, 0, 1/2, 0), (0, 1/20, 0, 99/20), (0, 0, 1, 0), (0, 0, 0, 10)]
[(1/2, 0, 1/2, 6), (0, 1/24, 1/2, 221/24), (0, 0, 1, 0), (0, 0, 0, 12)]
[(1/2, 0, 1/2, 0), (0, 1/12, 0, 5/12), (0, 0, 1, 0), (0, 0, 0, 6)]
[(1/2, 0, 1/2, 2), (0, 1/8, 1/2, 3/8), (0, 0, 1, 0), (0, 0, 0, 4)]
[(1/2, 0, 1/2, 0), (0, 1/18, 0, 23/18), (0, 0, 1, 0), (0, 0, 0, 9)]
[(1/2, 0, 1/2, 0), (0, 1/6, 0, 5/6), (0, 0, 1, 0), (0, 0, 0, 3)]
[(1/2, 0, 1/2, 12), (0, 1/28, 5/7, 187/28), (0, 0, 1, 10), (0, 0, 0, 14)]
[(1/2, 0, 1/2, 0), (0, 1/10, 0, 49/10), (0, 0, 1, 0), (0, 0, 0, 5)]
[(1/2, 0, 1/2, 0), (0, 1/12, 0, 13/12), (0, 0, 1, 0), (0, 0, 0, 6)]
[(1/2, 0, 1/2, 0), (0, 1/24, 0, 229/24), (0, 0, 1, 0), (0, 0, 0, 12)]
[(1/2, 0, 5/2, 0), (0, 1/10, 12/5, 1/2), (0, 0, 5, 0), (0, 0, 0, 1)]
[(1/2, 0, 1/2, 6), (0, 1/24, 1/2, 131/24), (0, 0, 1, 0), (0, 0, 0, 12)]
[(1/2, 0, 1/2, 0), (0, 1/20, 0, 51/20), (0, 0, 1, 0), (0, 0, 0, 10)]
[(1/2, 0, 15/2, 0), (0, 1/30, 187/15, 1/2), (0, 0, 15, 0), (0, 0, 0, 1)]
[(1/2, 0, 1/2, 0), (0, 1/8, 0, 27/8), (0, 0, 1, 0), (0, 0, 0, 4)]
[(1/2, 0, 13/2, 0), (0, 1/26, 48/13, 1/2), (0, 0, 13, 0), (0, 0, 0, 1)]
[(1/2, 0, 1/2, 0), (0, 1/2, 0, 1/2), (0, 0, 1, 0), (0, 0, 0, 1)]
[(1/2, 0, 1/2, 0), (0, 1/4, 0, 3/4), (0, 0, 1, 0), (0, 0, 0, 2)]
[(1/2, 0, 1/2, 6), (0, 1/28, 4/7, 309/28), (0, 0, 1, 12), (0, 0, 0, 14)]
[(1/2, 0, 3/2, 0), (0, 1/12, 8/3, 1/4), (0, 0, 3, 0), (0, 0, 0, 2)]
[(1/2, 0, 1/2, 11), (0, 1/26, 5/13, 295/26), (0, 0, 1, 9), (0, 0, 0, 13)]
[(1/2, 0, 1/2, 4), (0, 1/22, 10/11, 113/22), (0, 0, 1, 8), (0, 0, 0, 11)]
[(1/2, 0, 5/2, 0), (0, 1/20, 19/5, 7/4), (0, 0, 5, 0), (0, 0, 0, 2)]
[(1/2, 0, 1/2, 9), (0, 1/22, 7/11, 53/22), (0, 0, 1, 7), (0, 0, 0, 11)]
[(1/2, 0, 3/2, 2), (0, 1/24, 1/6, 1/8), (0, 0, 3, 0), (0, 0, 0, 4)]
[(1/2, 0, 1/2, 2), (0, 1/26, 5/13, 43/26), (0, 0, 1, 4), (0, 0, 0, 13)]
[(1/2, 0, 1/2, 5), (0, 1/14, 3/7, 47/14), (0, 0, 1, 3), (0, 0, 0, 7)]
[(1/2, 0, 3/2, 2), (0, 1/18, 20/9, 5/6), (0, 0, 3, 1), (0, 0, 0, 3)]
[(1/2, 0, 1/2, 5), (0, 1/22, 5/11, 241/22), (0, 0, 1, 10), (0, 0, 0, 11)]
[(1/2, 0, 1/2, 6), (0, 1/18, 1/3, 13/18), (0, 0, 1, 3), (0, 0, 0, 9)]
[(1/2, 0, 1/2, 7), (0, 1/22, 10/11, 129/22), (0, 0, 1, 3), (0, 0, 0, 11)]
[(1/2, 0, 3/2, 0), (0, 1/24, 4/3, 9/8), (0, 0, 3, 0), (0, 0, 0, 4)]
[(1/2, 0, 3/2, 0), (0, 1/12, 1/3, 1/4), (0, 0, 3, 0), (0, 0, 0, 2)]
[(1/2, 0, 1/2, 1), (0, 1/14, 6/7, 71/14), (0, 0, 1, 2), (0, 0, 0, 7)]
[(1/2, 0, 1/2, 2), (0, 1/22, 7/11, 189/22), (0, 0, 1, 4), (0, 0, 0, 11)]
[(1/2, 0, 1/2, 6), (0, 1/16, 1/4, 61/16), (0, 0, 1, 4), (0, 0, 0, 8)]
[(1/2, 0, 3/2, 1), (0, 1/18, 7/9, 17/6), (0, 0, 3, 2), (0, 0, 0, 3)]
[(1/2, 0, 1/2, 2), (0, 1/16, 3/4, 125/16), (0, 0, 1, 4), (0, 0, 0, 8)]
[(1/2, 0, 1/2, 2), (0, 1/14, 3/7, 51/14), (0, 0, 1, 4), (0, 0, 0, 7)]
[(1/2, 0, 1/2, 6), (0, 1/14, 6/7, 27/14), (0, 0, 1, 5), (0, 0, 0, 7)]
[(1/2, 0, 5/2, 0), (0, 1/20, 6/5, 7/4), (0, 0, 5, 0), (0, 0, 0, 2)]
[(1/2, 0, 3/2, 0), (0, 1/24, 5/3, 9/8), (0, 0, 3, 0), (0, 0, 0, 4)]
[(1/2, 0, 1/2, 3), (0, 1/18, 1/3, 149/18), (0, 0, 1, 6), (0, 0, 0, 9)]
[(1/2, 0, 1/2, 6), (0, 1/22, 6/11, 21/22), (0, 0, 1, 1), (0, 0, 0, 11)]
[(1/2, 0, 3/2, 2), (0, 1/24, 1/6, 31/8), (0, 0, 3, 0), (0, 0, 0, 4)]