[(1/2, 0, 1/2, 6), (0, 1/14, 1/7, 29/14), (0, 0, 1, 5), (0, 0, 0, 7)]
[(1/2, 0, 1/2, 0), (0, 1/2, 0, 1/2), (0, 0, 1, 0), (0, 0, 0, 1)]
[(1/2, 0, 1/2, 0), (0, 1/8, 0, 27/8), (0, 0, 1, 0), (0, 0, 0, 4)]
[(1/2, 0, 5/2, 0), (0, 1/10, 9/5, 1/2), (0, 0, 5, 0), (0, 0, 0, 1)]
[(1/2, 0, 1/2, 0), (0, 1/4, 0, 3/4), (0, 0, 1, 0), (0, 0, 0, 2)]
[(1/2, 0, 1/2, 0), (0, 1/10, 0, 43/10), (0, 0, 1, 0), (0, 0, 0, 5)]
[(1/2, 0, 1/2, 2), (0, 1/8, 1/2, 29/8), (0, 0, 1, 0), (0, 0, 0, 4)]
[(1/2, 0, 1/2, 2), (0, 1/12, 1/3, 5/12), (0, 0, 1, 4), (0, 0, 0, 6)]
[(1/2, 0, 1/2, 2), (0, 1/6, 2/3, 5/6), (0, 0, 1, 1), (0, 0, 0, 3)]
[(1/2, 0, 1/2, 2), (0, 1/12, 1/3, 59/12), (0, 0, 1, 4), (0, 0, 0, 6)]
[(1/2, 0, 1/2, 4), (0, 1/12, 2/3, 11/12), (0, 0, 1, 2), (0, 0, 0, 6)]
[(1/2, 0, 1/2, 1), (0, 1/6, 1/3, 17/6), (0, 0, 1, 2), (0, 0, 0, 3)]
[(1/2, 0, 1/2, 4), (0, 1/12, 1/3, 67/12), (0, 0, 1, 2), (0, 0, 0, 6)]